4448464222
4449348237
4450161891
4450887566
4451592212
4452282799
4452958954
4453620730
4454280587
4454925543
4455566652
4456207667
4456836977
4457459299
4458072171
4458677710
4459282555
4459884883
4460485442
4461085772
4461686066
4462285784
4462883513
4463475693
4464067584
4464657163
4465242535
4465827854
4466411610
4466993811
4467573934
4468153215
4468729950
4469300488
4469868444
4470436319
4471002933
4471567919
4472132343
4472694086
4473255117
4473813412
4474363426
4474913413
4475463086
4476011791
4476557605
4477099638
4477641233
4478182357
4478722997
4479260051
4479794625
4480329052
4480860224
4481391293
4481921485
4482451487
4482979852
4483507177
4484033497
4484559210
4485084361
4485609254
4486134036
4486657852
4487180951
4487703895
4488226222
4488746602
4489263890
4489780875
4490297780
4490810046
4491320295
4491828994
4492337665
4492846110
4493354420
4493860553
4494366571
4494872025
4495376984
4495881549
4496385480
4496887768
4497389695
4497891548
4498393356
4498894020
4499392418
4499889915
4500387025
4500883866
4501379610
4501874839
4502369576
4502864219
4503358684
4503852946
4504346936
4504840879
4505334513
4505828064
4506321428
4506814319
4507306671
4507798084
4508288763
4508779075
4509266113
4509752314
4510237746
4510722898
4511207437
4511691779
4512175561
4512658883
4513141311
4513623733
4514106002
4514587408
4515067923
4515548177
4516028175
4516508074
4516987959
4517467649
4517947259
4518426006
4518904407
4519382429
4519859561
4520336342
4520811814
4521287027
4521761636
4522236019
4522710353
4523184501
4523657069
4524129281
4524601306
4525073168
4525544672
4526015495
4526486070
4526955207
4527423970
4527892194
4528360386
4528828446
4529296497
4529764092
4530231396
4530698640
4531164839
4531630741
4532096270
4532561091
4533025398
4533489325
4533953022
4534416498
4534879927
4535343057
4535805549
4536267600
4536729485
4537191131
4537652597
4538113141
4538573665
4539033147
4539492586
4539951480
4540409805
4540867826
4541324306
4541780178
4542236024
4542691781
4543147217
4543602043
4544056741
4544511057
4544964903
4545418221
4545871184
4546324040
4546776596
4547229085
4547681448
4548132620
4548583106
4549033279
4549483152
4549931796
4550380070
4550827576
4551274749
4551721898
4552168804
4552615460
4553061700
4553507675
4553953305
4554398590
4554842476
4555286339
4555730023
4556173415
4556616793
4557059985
4557503172
4557945691
4558388193
4558829820
4559271334
4559712559
4560153753
4560594871
4561035410
4561475429
4561915120
4562354576
4562793747
4563232550
4563670195
4564107649
4564544902
4564981829
4565418336
4565854785
4566290878
4566726670
4567162023
4567597342
4568031689
4568465854
4568899555
4569332462
4569765084
4570197505
4570629027
4571060356
4571491547
4571922345
4572352911
4572782909
4573212609
4573642095
4574071409
4574500596
4574929097
4575357287
4575785239
4576212312
4576638948
4577065328
4577491580
4577917703
4578343377
4578768768
4579193913
4579618786
4580043489
4580467788
4580892074
4581316178
4581740078
4582163848
4582586922
4583009550
4583431734
4583853917
4584275987
4584697926
4585119586
4585540413
4585960892
4586381176
4586801371
4587221533
4587641647
4588061615
4588480855
4588899886
4589318864
4589737701
4590155986
4590573924
4590991858
4591409529
4591827131
4592244108
4592660628
4593075728
4593490790
4593905851
4594320422
4594734462
4595148287
4595561967
4595975424
4596388849
4596801824
4597214216
4597626559
4598038759
4598450512
4598862234
4599273907
4599685571
4600097000
4600508337
4600918846
4601329183
4601739451
4602149097
4602558627
4602967799
4603376913
4603785819
4604194370
4604602445
4605010474
4605418487
4605826488
4606233992
4606641383
4607048282
4607454870
4607861389
4608267647
4608673582
4609079372
4609485067
4609890417
4610295733
4610701040
4611105886
4611510454
4611914809
4612318916
4612722612
4613126236
4613529747
4613931937
4614333845
4614735677
4615137186
4615538003
4615938667
4616339050
4616739212
4617139159
4617539063
4617938754
4618338391
4618737528
4619136641
4619535503
4619934042
4620332565
4620731082
4621129432
4621527758
4621925762
4622323765
4622721762
4623119259
4623516510
4623913643
4624310386
4624707035
4625103595
4625499993
4625896097
4626292157
4626688061
4627083906
4627479406
4627874901
4628270099
4628665132
4629060095
4629454804
4629849157
4630243195
4630636750
4631029887
4631422991
4631816092
4632209089
4632601235
4632992967
4633384625
4633776083
4634167347
4634558366
4634949016
4635339125
4635729147
4636119117
4636508776
4636898431
4637288036
4637677423
4638066190
4638454906
4638842989
4639230640
4639618048
4640005278
4640392436
4640779460
4641166362
4641553001
4641939593
4642326045
4642712237
4643098398
4643484337
4643870213
4644255792
4644641248
4645026407
4645411271
4645796089
4646180677
4646564231
4646947653
4647330466
4647713220
4648095958
4648478689
4648861403
4649243834
4649626112
4650008383
4650390631
4650772714
4651154515
4651536276
4651917805
4652299261
4652680712
4653061798
4653442414
4653822974
4654203052
4654583053
4654963031
4655342938
4655722800
4656102661
4656481809
4656860886
4657239733
4657618498
4657996947
4658375215
4658753403
4659131337
4659509048
4659886622
4660263955
4660641233
4661018404
4661395518
4661772562
4662149500
4662526336
4662903043
4663279654
4663656064
4664032435
4664408636
4664784800
4665160952
4665536954
4665912838
4666288141
4666663426
4667038625
4667413652
4667788650
4668163389
4668537819
4668912178
4669286534
4669660888
4670035166
4670409304
4670782978
4671156512
4671529810
4671902765
4672275483
4672648069
4673020490
4673392580
4673764572
4674136359
4674508090
4674879815
4675251354
4675622571
4675993696
4676364820
4676735751
4677106622
4677477371
4677848090
4678217949
4678587689
4678957404
4679327033
4679696622
4680066173
4680435388
4680804596
4681173800
4681542901
4681911990
4682280774
4682649293
4683017745
4683385995
4683754061
4684121858
4684489647
4684857041
4685224187
4685591297
4685958262
4686324912
4686691300
4687057359
4687423395
4687789386
4688155213
4688520911
4688886420
4689251887
4689617296
4689982630
4690347433
4690712232
4691076979
4691441348
4691805364
4692169360
4692533350
4692897250
4693261141
4693625019
4693988840
4694352492
4694716113
4695079690
4695443233
4695806492
4696169504
4696532493
4696895251
4697257911
4697620543
4697983103
4698345655
4698708174
4699070524
4699432767
4699794956
4700157135
4700519180
4700881207
4701243145
4701605026
4701966902
4702328752
4702690274
4703051666
4703412948
4703774204
4704135364
4704496421
4704857279
4705218101
4705578763
4705939417
4706299776
4706660092
4707020187
4707380270
4707740309
4708100276
4708460073
4708819463
4709178835
4709538191
4709897533
4710256565
4710615592
4710974477
4711333178
4711691751
4712050310
4712408723
4712767132
4713125294
4713483375
4713841400
4714199046
4714556603
4714914092
4715271551
4715628944
4715986289
4716343343
4716700388
4717057325
4717414187
4717770885
4718127449
4718483990
4718840499
4719196987
4719553465
4719909866
4720266161
4720622365
4720978538
4721334669
4721690584
4722046190
4722401529
4722756810
4723112080
4723467237
4723822383
4724177493
4724532340
4724887170
4725241931
4725596472
4725950882
4726305272
4726659614
4727013837
4727367946
4727721984
4728075974
4728429442
4728782710
4729135917
4729489023
4729842058
4730194997
4730547550
4730899896
4731251717
4731603448
4731954993
4732306256
4732657398
4733008376
4733359309
4733710003
4734060496
4734410912
4734761325
4735111586
4735461433
4735811173
4736160870
4736510520
4736860088
4737209595
4737559082
4737908534
4738257720
4738606755
4738955770
4739304769
4739653568
4740002344
4740350812
4740699017
4741047211
4741395393
4741743519
4742091526
4742439313
4742786984
4743134595
4743482119
4743829598
4744177017
4744524331
4744871633
4745218930
4745566078
4745913217
4746260250
4746607257
4746954222
4747301002
4747647397
4747993254
4748338982
4748684655
4749030235
4749375759
4749721107
4750066437
4750411714
4750756807
4751101850
4751446849
4751791700
4752136411
4752481118
4752825676
4753170191
4753514626
4753858992
4754203341
4754547609
4754891735
4755235849
4755579738
4755923564
4756267304
4756610944
4756954561
4757298114
4757641335
4757984480
4758327609
4758670684
4759013561
4759356135
4759698693
4760041209
4760383643
4760726046
4761068375
4761410704
4761752875
4762094948
4762437007
4762778945
4763120801
4763462627
4763804329
4764145966
4764487428
4764828816
4765170006
4765511024
4765851706
4766192161
4766532597
4766873003
4767213312
4767553604
4767893865
4768233802
4768573680
4768913370
4769252915
4769592354
4769931753
4770271072
4770610315
4770949549
4771288763
4771627896
4771966988
4772306012
4772644969
4772983905
4773322806
4773661494
4774000153
4774338756
4774677323
4775015864
4775354171
4775692206
4776029978
4776367628
4776705218
4777042786
4777380317
4777717844
4778055361
4778392867
4778730363
4779067489
4779404596
4779741607
4780078369
4780414918
4780751317
4781087712
4781424049
4781760365
4782096556
4782432640
4782768526
4783104353
4783440119
4783775744
4784111349
4784446918
4784782444
4785117832
4785453104
4785788281
4786123434
4786458303
4786793154
4787127972
4787462582
4787797167
4788131607
4788465940
4788800257
4789134513
4789468698
4789802456
4790136204
4790469866
4790803493
4791137019
4791470512
4791803829
4792137113
4792470320
4792803494
4793136524
4793469472
4793802336
4794135165
4794467602
4794800034
4795132393
4795464723
4795796954
4796129136
4796461273
4796793356
4797125375
4797457236
4797789093
4798120886
4798452655
4798784400
4799115857
4799446948
4799777631
4800108159
4800438589
4800768943
4801099130
4801429310
4801759439
4802089537
4802419525
4802749491
4803079215
4803408702
4803738037
4804067325
4804396269
4804725186
4805053980
4805382674
4805711235
4806039737
4806368184
4806696574
4807024962
4807353294
4807681625
4808009936
4808338111
4808666128
4808994123
4809321952
4809649670
4809977341
4810304937
4810632515
4810960061
4811287477
4811614787
4811942047
4812269236
4812596424
4812923344
4813250176
4813576584
4813902987
4814229234
4814555339
4814881414
4815207440
4815533446
4815859337
4816185100
4816510576
4816835787
4817160876
4817485775
4817810587
4818135229
4818459698
4818784133
4819108556
4819432845
4819757013
4820081181
4820405286
4820729320
4821053180
4821376960
4821700690
4822024310
4822347912
4822671488
4822995056
4823318614
4823642105
4823965577
4824288906
4824612182
4824935373
4825258556
4825581665
4825904770
4826227839
4826550825
4826873772
4827196637
4827519255
4827841750
4828164205
4828486413
4828808346
4829130278
4829452061
4829773736
4830095315
4830416890
4830738419
4831059866
4831381247
4831702533
4832023742
4832344855
4832665923
4832986688
4833307428
4833627710
4833947945
4834268155
4834588275
4834908277
4835228257
4835548196
4835868059
4836187892
4836507640
4836827338
4837146971
4837466589
4837786177
4838105697
4838425183
4838744606
4839063990
4839383339
4839702648
4840021902
4840341003
4840659958
4840978749
4841297528
4841616186
4841934801
4842253371
4842571927
4842890380
4843208789
4843527193
4843845397
4844163586
4844481702
4844799817
4845117868
4845435885
4845753724
4846071559
4846389355
4846707150
4847024926
4847342450
4847659715
4847976954
4848294016
4848610944
4848927870
4849244760
4849561547
4849878293
4850195002
4850511617
4850828214
4851144719
4851461143
4851777563
4852093876
4852410167
4852726438
4853042617
4853358718
4853674705
4853990648
4854306509
4854622368
4854938108
4855253761
4855569151
4855884475
4856199780
4856515082
4856830285
4857145383
4857460450
4857775444
4858090150
4858404735
4858719239
4859033689
4859348132
4859662426
4859976681
4860290906
4860605105
4860919246
4861233240
4861547095
4861860932
4862174746
4862488499
4862802060
4863115617
4863429106
4863742536
4864055965
4864369271
4864682530
4864995665
4865308770
4865621849
4865934891
4866247875
4866560852
4866873720
4867186522
4867499292
4867811968
4868124629
4868436974
4868749267
4869061559
4869373838
4869686053
4869998151
4870310239
4870622234
4870934223
4871246094
4871557937
4871869710
4872181451
4872493183
4872804873
4873116507
4873428125
4873739703
4874051161
4874362573
4874673953
4874985301
4875296370
4875607285
4875918149
4876228982
4876539745
4876850470
4877161157
4877471811
4877782268
4878092682
4878403077
4878713396
4879023644
4879333836
4879644016
4879954195
4880264234
4880574272
4880884284
4881194239
4881504163
4881814043
4882123687
4882433206
4882742563
4883051792
4883360942
4883669869
4883978781
4884287683
4884596449
4884905149
4885213845
4885522505
4885831086
4886139546
4886447965
4886756253
4887064427
4887372441
4887680433
4887988316
4888296169
4888603904
4888911597
4889219218
4889526812
4889834307
4890141507
4890448694
4890755816
4891062840
4891369764
4891676527
4891983263
4892289978
4892596403
4892902768
4893209090
4893515361
4893821340
4894127133
4894432841
4894738548
4895044173
4895349724
4895655272
4895960556
4896265765
4896570843
4896875879
4897180881
4897485777
4897790597
4898095143
4898399610
4898704070
4899008405
4899312707
4899616940
4899921099
4900225250
4900529330
4900833385
4901137436
4901441320
4901744952
4902048484
4902351968
4902655452
4902958927
4903262400
4903565795
4903869102
4904172403
4904475641
4904778867
4905082064
4905385207
4905688263
4905991191
4906294107
4906596933
4906899733
4907202521
4907505260
4907807832
4908110378
4908412914
4908715409
4909017846
4909320282
4909622665
4909925013
4910227172
4910529324
4910831435
4911133331
4911435035
4911736716
4912038357
4912339973
4912641459
4912942873
4913244276
4913545575
4913846861
4914148099
4914449297
4914750365
4915051413
4915352431
4915653436
4915954322
4916255112
4916555839
4916856544
4917157218
4917457863
4917758329
4918058794
4918359148
4918659459
4918959750
4919260006
4919560149
4919860243
4920160272
4920460208
4920760100
4921059949
4921359763
4921659517
4921959269
4922258873
4922558354
4922857803
4923157117
4923456404
4923755663
4924054892
4924354088
4924653232
4924952373
4925251473
4925550466
4925849413
4926148307
4926447198
4926745959
4927044708
4927343372
4927642030
4927940613
4928239137
4928537548
4928835776
4929133989
4929432165
4929730277
4930028265
4930326233
4930624003
4930921724
4931219324
4931516923
4931814489
4932111882
4932409234
4932706564
4933003885
4933301097
4933598235
4933895316
4934192327
4934489214
4934785988
4935082716
4935379409
4935675983
4935972531
4936268950
4936565335
4936861700
4937158037
4937454331
4937750596
4938046854
4938343087
4938639300
4938935446
4939231572
4939527529
4939823387
4940119234
4940415033
4940710769
4941006495
4941302204
4941597772
4941893305
4942188801
4942484269
4942779731
4943074971
4943370203
4943665431
4943960642
4944255837
4944551015
4944846190
4945141357
4945436523
4945731618
4946026706
4946321756
4946616777
4946911784
4947206710
4947501502
4947796276
4948090951
4948385593
4948680123
4948974480
4949268757
4949562966
4949857047
4950151068
4950445040
4950738917
4951032631
4951326262
4951619858
4951913454
4952207039
4952500606
4952794045
4953087299
4953380323
4953673193
4953966020
4954258819
4954551587
4954844347
4955137095
4955429779
4955722345
4956014910
4956307429
4956599836
4956891996
4957184145
4957476282
4957768381
4958060345
4958352297
4958644193
4958936070
4959227834
4959519595
4959811354
4960103102
4960394809
4960686475
4960978140
4961269746
4961561340
4961852925
4962144503
4962436061
4962727533
4963018937
4963310142
4963601309
4963892353
4964183307
4964474238
4964765086
4965055809
4965346461
4965636937
4965927332
4966217720
4966508029
4966798311
4967088564
4967378660
4967668722
4967958748
4968248731
4968538700
4968828655
4969118603
4969408531
4969698372
4969988141
4970277713
4970567231
4970856706
4971146122
4971435532
4971724933
4972014282
4972303475
4972592625
4972881684
4973170729
4973459757
4973748762
4974037759
4974326719
4974615639
4974904478
4975193292
4975482087
4975770831
4976059558
4976348282
4976636920
4976925485
4977214032
4977502516
4977790907
4978079230
4978367516
4978655755
4978943955
4979232105
4979520154
4979808152
4980096080
4980383985
4980671850
4980959706
4981247356
4981535003
4981822632
4982110246
4982397846
4982685429
4982973010
4983260565
4983548014
4983835417
4984122804
4984409964
4984697038
4984983975
4985270847
4985557697
4985844543
4986131355
4986418139
4986704883
4986991598
4987278176
4987564697
4987851214
4988137676
4988424128
4988710560
4988996991
4989283402
4989569798
4989856079
4990142095
4990428052
4990713943
4990999714
4991285444
4991571139
4991856809
4992142467
4992428092
4992713706
4992999315
4993284883
4993570450
4993856007
4994141315
4994426602
4994711879
4994997131
4995282364
4995567520
4995852643
4996137674
4996422692
4996707594
4996992489
4997277314
4997562109
4997846864
4998131535
4998416165
4998700724
4998985282
4999269816
4999554302
4999838767
5000123228
5000407482
5000691702
5000975910
5001260084
5001544218
5001828328
5002112355
5002396233
5002680104
5002963974
5003247822
5003531520
5003815177
5004098825
5004382461
5004666062
5004949660
5005233238
5005516801
5005800270
5006083739
5006367074
5006650376
5006933585
5007216776
5007499942
5007783074
5008066148
5008348937
5008631722
5008914492
5009197190
5009479861
5009762469
5010045060
5010327441
5010609766
5010892090
5011174403
5011456642
5011738825
5012020987
5012303066
5012585118
5012867142
5013149097
5013431043
5013712870
5013994686
5014276454
5014558126
5014839793
5015121356
5015402882
5015684348
5015965740
5016247102
5016528395
5016809637
5017090861
5017372046
5017653128
5017934202
5018215134
5018496025
5018776903
5019057748
5019338590
5019619390
5019900128
5020180858
5020461527
5020742171
5021022706
5021303228
5021583683
5021864123
5022144554
5022424839
5022705067
5022985212
5023265324
5023545427
5023825515
5024105468
5024385320
5024665133
5024944941
5025224693
5025504374
5025784035
5026063692
5026343345
5026622940
5026902518
5027182040
5027461425
5027740782
5028020098
5028299240
5028578316
5028857313
5029136236
5029415089
5029693865
5029972527
5030251050
5030529560
5030808057
5031086474
5031364676
5031642844
5031920980
5032199112
5032477222
5032755320
5033033378
5033311366
5033589254
5033867043
5034144722
5034422397
5034700005
5034977584
5035255116
5035532646
5035810166
5036087610
5036364982
5036642262
5036919511
5037196631
5037473693
5037750727
5038027704
5038304677
5038581616
5038858554
5039135427
5039412297
5039689146
5039965855
5040242494
5040519071
5040795627
5041072134
5041348554
5041624973
5041901379
5042177736
5042454084
5042730420
5043006698
5043282948
5043559120
5043835143
5044111087
5044386939
5044662764
5044938588
5045214390
5045490056
5045765661
5046041266
5046316862
5046592401
5046867750
5047143053
5047418345
5047693589
5047968709
5048243811
5048518904
5048793873
5049068825
5049343723
5049618619
5049893502
5050168201
5050442814
5050717385
5050991889
5051266281
5051540434
5051814420
5052088194
5052361805
5052635361
5052908875
5053182343
5053455780
5053729200
5054002619
5054275900
5054549162
5054822406
5055095646
5055368868
5055642084
5055915264
5056188441
5056461600
5056734452
5057007278
5057280052
5057552824
5057825540
5058098221
5058370818
5058643414
5058915911
5059188382
5059460837
5059733274
5060005704
5060278134
5060550493
5060822808
5061094980
5061367134
5061639258
5061911354
5062183440
5062455439
5062727421
5062999267
5063271065
5063542824
5063814493
5064086136
5064357707
5064629267
5064900808
5065172299
5065443620
5065714828
5065986006
5066257168
5066528319
5066799452
5067070559
5067341582
5067612575
5067883547
5068154488
5068425412
5068696286
5068967119
5069237906
5069508690
5069779456
5070050075
5070320632
5070591179
5070861544
5071131906
5071402257
5071672526
5071942791
5072212991
5072483009
5072753025
5073023036
5073292918
5073562747
5073832502
5074102233
5074371817
5074641398
5074910976
5075180482
5075449968
5075719365
5075988751
5076258123
5076527493
5076796855
5077066180
5077335493
5077604779
5077873977
5078143151
5078412288
5078681406
5078950518
5079219609
5079488513
5079757411
5080026223
5080295030
5080563733
5080832408
5081101062
5081369675
5081638265
5081906749
5082175229
5082443708
5082712061
5082980404
5083248738
5083517068
5083785291
5084053425
5084321557
5084589680
5084857737
5085125782
5085393800
5085661816
5085929788
5086197731
5086465654
5086733547
5087001408
5087269253
5087537091
5087804856
5088072559
5088340249
5088607878
5088875455
5089142929
5089410372
5089677766
5089945157
5090212525
5090479819
5090747104
5091014343
5091281543
5091548637
5091815696
5092082707
5092349702
5092616651
5092883594
5093150516
5093417436
5093684351
5093951264
5094218122
5094484958
5094751763
5095018540
5095285275
5095551982
5095818483
5096084962
5096351435
5096617872
5096884287
5097150621
5097416899
5097683146
5097949332
5098215406
5098481464
5098747475
5099013452
5099279345
5099545038
5099810645
5100076202
5100341734
5100607238
5100872681
5101138116
5101403539
5101668946
5101934353
5102199747
5102465133
5102730354
5102995417
5103260407
5103525369
5103790213
5104054989
5104319657
5104584270
5104848861
5105113409
5105377875
5105642340
5105906756
5106171091
5106435420
5106699721
5106964012
5107228284
5107492506
5107756710
5108020903
5108285055
5108549145
5108813147
5109077142
5109341087
5109605028
5109868866
5110132667
5110396386
5110660085
5110923741
5111187324
5111450858
5111714369
5111977851
5112241306
5112504745
5112768137
5113031474
5113294811
5113558142
5113821459
5114084766
5114347983
5114611141
5114874268
5115137373
5115400463
5115663538
5115926571
5116189554
5116452500
5116715413
5116978307
5117241074
5117503829
5117766570
5118029296
5118291931
5118554542
5118817068
5119079553
5119342014
5119604410
5119866689
5120128910
5120391083
5120653153
5120915136
5121177035
5121438791
5121700528
5121962255
5122223878
5122485380
5122746873
5123008366
5123269821
5123531247
5123792615
5124053894
5124315021
5124576139
5124837251
5125098319
5125359355
5125620339
5125881287
5126142204
5126403068
5126663794
5126924497
5127185133
5127445718
5127706138
5127966523
5128226795
5128487023
5128747189
5129007347
5129267468
5129527588
5129787706
5130047746
5130307782
5130567786
5130827715
5131087579
5131347435
5131607192
5131866940
5132126663
5132386376
5132646071
5132905751
5133165380
5133424906
5133684381
5133943736
5134202926
5134462086
5134721153
5134980167
5135239143
5135498118
5135757071
5136015957
5136274833
5136533705
5136792564
5137051403
5137310240
5137569011
5137827653
5138086217
5138344746
5138603254
5138861701
5139120133
5139378558
5139636941
5139895301
5140153512
5140411709
5140669901
5140928091
5141186256
5141444307
5141702311
5141960252
5142218174
5142476067
5142733913
5142991749
5143249562
5143507353
5143765002
5144022603
5144280096
5144537584
5144795038
5145052476
5145309867
5145567221
5145824549
5146081826
5146339053
5146596262
5146853420
5147110464
5147367506
5147624507
5147881461
5148138408
5148395304
5148652182
5148909056
5149165876
5149422671
5149679445
5149936212
5150192947
5150449679
5150706410
5150963090
5151219727
5151476266
5151732785
5151989269
5152245651
5152501990
5152758299
5153014558
5153270600
5153526586
5153782555
5154038490
5154294419
5154550277
5154806132
5155061902
5155317662
5155573384
5155829057
5156084665
5156340208
5156595741
5156851241
5157106722
5157362197
5157617657
5157873033
5158128403
5158383742
5158639067
5158894370
5159149604
5159404756
5159659876
5159914977
5160169943
5160424884
5160679790
5160934569
5161189185
5161443791
5161698334
5161952834
5162207299
5162461692
5162716020
5162970329
5163224546
5163478749
5163732938
5163987034
5164241087
5164495115
5164749089
5165002987
5165256843
5165510695
5165764524
5166018347
5166272123
5166525826
5166779498
5167033127
5167286738
5167540136
5167793442
5168046631
5168299807
5168552960
5168806112
5169059185
5169312257
5169565281
5169818299
5170071262
5170324138
5170577008
5170829856
5171082643
5171335429
5171588204
5171840898
5172093577
5172346235
5172598882
5172851515
5173104104
5173356644
5173609123
5173861588
5174113944
5174366245
5174618517
5174870631
5175122739
5175374826
5175626869
5175878886
5176130877
5176382841
5176634784
5176886693
5177138587
5177390467
5177642314
5177894018
5178145663
5178397301
5178648844
5178900194
5179151437
5179402628
5179653797
5179904939
5180156040
5180407117
5180658181
5180909215
5181160227
5181411237
5181662235
5181913169
5182164090
5182414968
5182665768
5182916541
5183167302
5183418054
5183668777
5183919406
5184170028
5184420606
5184671070
5184921408
5185171682
5185421944
5185672204
5185922411
5186172566
5186422710
5186672777
5186922841
5187172859
5187422861
5187672847
5187922819
5188172782
5188422734
5188672647
5188922551
5189172426
5189422239
5189671975
5189921619
5190171249
5190420873
5190670473
5190920027
5191169557
5191419086
5191668595
5191918080
5192167543
5192416951
5192666251
5192915537
5193164817
5193414054
5193663231
5193912355
5194161457
5194410481
5194659480
5194908445
5195157399
5195406348
5195655282
5195904167
5196153026
5196401870
5196650622
5196899373
5197148066
5197396759
5197645398
5197894026
5198142633
5198391178
5198639716
5198888167
5199136577
5199384947
5199633249
5199881535
5200129774
5200378008
5200626223
5200874404
5201122556
5201370704
5201618830
5201866935
5202114999
5202363037
5202611063
5202859061
5203107016
5203354957
5203602887
5203850810
5204098732
5204346571
5204594303
5204842031
5205089728
5205337415
5205584913
5205832366
5206079792
5206327215
5206574637
5206821953
5207069233
5207316503
5207563629
5207810665
5208057666
5208304649
5208551612
5208798533
5209045430
5209292293
5209539083
5209785858
5210032566
5210279257
5210525942
5210772613
5211019281
5211265864
5211512433
5211758948
5212005441
5212251911
5212498341
5212744762
5212991147
5213237510
5213483788
5213730044
5213976266
5214222434
5214468593
5214714747
5214960886
5215207003
5215453027
5215699036
5215944986
5216190923
5216436823
5216682706
5216928492
5217174208
5217419885
5217665543
5217911168
5218156748
5218402297
5218647789
5218893221
5219138580
5219383866
5219629099
5219874319
5220119450
5220364564
5220609656
5220854731
5221099804
5221344823
5221589820
5221834815
5222079781
5222324709
5222569632
5222814517
5223059373
5223304173
5223548961
5223793725
5224038448
5224283138
5224527756
5224772364
5225016910
5225261425
5225505928
5225750420
5225994821
5226239116
5226483351
5226727560
5226971695
5227215820
5227459866
5227703885
5227947881
5228191844
5228435747
5228679647
5228923534
5229167404
5229411232
5229655059
5229898880
5230142601
5230386317
5230630019
5230873681
5231117271
5231360808
5231604296
5231847770
5232091236
5232334702
5232578165
5232821627
5233064960
5233308262
5233551547
5233794818
5234038074
5234281295
5234524468
5234767532
5235010569
5235253594
5235496593
5235739586
5235982535
5236225373
5236467987
5236710576
5236953145
5237195644
5237438116
5237680568
5237922995
5238165415
5238407773
5238650063
5238892342
5239134501
5239376654
5239618779
5239860891
5240102794
5240344660
5240586512
5240828274
5241070020
5241311717
5241553376
5241795033
5242036646
5242278258
5242519827
5242761380
5243002914
5243244407
5243485867
5243727266
5243968658
5244210014
5244451352
5244692656
5244933914
5245175132
5245416287
5245657363
5245898430
5246139457
5246380431
5246621372
5246862242
5247103100
5247343918
5247584651
5247825293
5248065905
5248306458
5248546960
5248787432
5249027876
5249268315
5249508698
5249749052
5249989391
5250229691
5250469963
5250710208
5250950452
5251190681
5251430781
5251670811
5251910835
5252150796
5252390715
5252630621
5252870523
5253110417
5253350267
5253590083
5253829896
5254069664
5254309407
5254549144
5254788864
5255028436
5255267995
5255507500
5255746954
5255986405
5256225811
5256465205
5256704591
5256943907
5257183192
5257422315
5257661391
5257900435
5258139436
5258378352
5258617209
5258856009
5259094648
5259333279
5259571857
5259810409
5260048950
5260287466
5260525946
5260764404
5261002834
5261241245
5261479650
5261718042
5261956376
5262194661
5262432819
5262670962
5262909087
5263147203
5263385266
5263623302
5263861286
5264099211
5264337093
5264574940
5264812771
5265050591
5265288352
5265526074
5265763793
5266001498
5266239201
5266476862
5266714496
5266952114
5267189723
5267427329
5267664867
5267902390
5268139887
5268377200
5268614492
5268851782
5269089052
5269326320
5269563527
5269800668
5270037807
5270274849
5270511882
5270748903
5270985909
5271222890
5271459844
5271696760
5271933655
5272170548
5272407374
5272644193
5272881003
5273117758
5273354346
5273590931
5273827513
5274063889
5274300149
5274536384
5274772582
5275008730
5275244846
5275480900
5275716950
5275952966
5276188947
5276424927
5276660863
5276896752
5277132604
5277368433
5277604227
5277839972
5278075552
5278311113
5278546669
5278782213
5279017731
5279253227
5279488698
5279724106
5279959500
5280194696
5280429879
5280665049
5280900175
5281135290
5281370326
5281605328
5281840293
5282075257
5282310201
5282545105
5282779995
5283014826
5283249554
5283484279
5283718869
5283953449
5284187987
5284422512
5284657016
5284891516
5285125877
5285360232
5285594559
5285828817
5286063068
5286297285
5286531422
5286765458
5286999490
5287233423
5287467344
5287701250
5287935148
5288169045
5288402925
5288636732
5288870530
5289104172
5289337798
5289571423
5289805044
5290038552
5290272029
5290505464
5290738895
5290972271
5291205586
5291438857
5291672079
5291905301
5292138311
5292371252
5292604136
5292837010
5293069833
5293302573
5293535303
5293768016
5294000720
5294233388
5294466055
5294698690
5294931292
5295163877
5295396456
5295629004
5295861505
5296093965
5296326419
5296558768
5296791107
5297023381
5297255619
5297487815
5297719991
5297952154
5298184274
5298416367
5298648454
5298880524
5299112527
5299344495
5299576403
5299808284
5300040135
5300271975
5300503793
5300735578
5300967308
5301199022
5301430700
5301662369
5301893991
5302125607
5302357206
5302588797
5302820375
5303051917
5303283420
5303514894
5303746354
5303977812
5304209255
5304440675
5304672094
5304903469
5305134755
5305365936
5305597093
5305828225
5306059346
5306290433
5306521502
5306752538
5306983505
5307214431
5307445335
5307676198
5307907018
5308137808
5308368558
5308599303
5308830033
5309060742
5309291413
5309522081
5309752729
5309983345
5310213950
5310444533
5310675113
5310905628
5311136137
5311366597
5311597037
5311827466
5312057873
5312288276
5312518663
5312749034
5312979345
5313209643
5313439919
5313670171
5313900367
5314130562
5314360734
5314590891
5314821042
5315051147
5315281234
5315511256
5315741237
5315971216
5316201133
5316431038
5316660894
5316890719
5317120536
5317350319
5317580046
5317809764
5318039436
5318269093
5318498745
5318728390
5318957999
5319187603
5319417196
5319646787
5319876319
5320105834
5320335329
5320564818
5320794289
5321023752
5321253025
5321482095
5321711163
5321940120
5322169064
5322397944
5322626771
5322855596
5323084414
5323313173
5323541910
5323770580
5323999233
5324227862
5324456457
5324684975
5324913487
5325141974
5325370429
5325598840
5325827145
5326055439
5326283669
5326511895
5326740038
5326968154
5327196257
5327424258
5327652252
5327880189
5328108125
5328335977
5328563638
5328791218
5329018765
5329246295
5329473787
5329701263
5329928703
5330156048
5330383385
5330610706
5330838025
5331065332
5331292636
5331519936
5331747217
5331974384
5332201497
5332428592
5332655617
5332882625
5333109598
5333336544
5333563484
5333790392
5334017267
5334244131
5334470980
5334697802
5334924604
5335151329
5335377997
5335604637
5335831271
5336057873
5336284408
5336510893
5336737306
5336963712
5337190104
5337416496
5337642730
5337868849
5338094904
5338320959
5338546939
5338772892
5338998784
5339224646
5339450486
5339676315
5339902132
5340127932
5340353715
5340579494
5340805234
5341030940
5341256644
5341482338
5341707962
5341933585
5342159105
5342384623
5342610139
5342835651
5343061140
5343286587
5343511977
5343737357
5343962701
5344188021
5344413339
5344638602
5344863832
5345089006
5345314146
5345539143
5345764113
5345989034
5346213929
5346438817
5346663655
5346888485
5347113301
5347338047
5347562785
5347787363
5348011915
5348236405
5348460829
5348685224
5348909565
5349133782
5349357817
5349581815
5349805806
5350029792
5350253516
5350477172
5350700814
5350924436
5351147968
5351371487
5351594969
5351818382
5352041793
5352265190
5352488583
5352711913
5352935239
5353158543
5353381721
5353604877
5353828017
5354051151
5354274189
5354497179
5354720130
5354943066
5355165978
5355388885
5355611779
5355834583
5356057339
5356280055
5356502760
5356725396
5356947990
5357170542
5357393078
5357615556
5357838005
5358060374
5358282727
5358505057
5358727385
5358949713
5359172014
5359394265
5359616456
5359838634
5360060708
5360282722
5360504711
5360726699
5360948647
5361170539
5361392412
5361614272
5361836039
5362057798
5362279545
5362501287
5362723019
5362944700
5363166346
5363387971
5363609572
5363831171
5364052749
5364274314
5364495822
5364717300
5364938768
5365160197
5365381620
5365603003
5365824356
5366045706
5366266991
5366488268
5366709418
5366930470
5367151493
5367372477
5367593383
5367814272
5368035154
5368256022
5368476888
5368697743
5368918555
5369139364
5369360123
5369580881
5369801629
5370022369
5370243021
5370463659
5370684274
5370904873
5371125445
5371346014
5371566580
5371787132
5372007662
5372228052
5372448376
5372668688
5372888962
5373109217
5373329471
5373549699
5373769927
5373990109
5374210285
5374430434
5374650570
5374870660
5375090749
5375310820
5375530783
5375750710
5375970566
5376190403
5376410213
5376630007
5376849741
5377069422
5377289008
5377508501
5377727933
5377947256
5378166547
5378385755
5378604918
5378824038
5379043157
5379262208
5379481248
5379700245
5379919216
5380138139
5380357055
5380575971
5380794866
5381013761
5381232648
5381451349
5381670038
5381888698
5382107340
5382325938
5382544490
5382763023
5382981542
5383200044
5383418412
5383636760
5383855087
5384073402
5384291712
5384509995
5384728265
5384946523
5385164778
5385383033
5385601223
5385819390
5386037523
5386255643
5386473667
5386691677
5386909632
5387127583
5387345530
5387563449
5387781342
5387999213
5388217061
5388434906
5388652693
5388870468
5389088168
5389305862
5389523549
5389741235
5389958914
5390176579
5390394218
5390611735
5390829249
5391046756
5391264243
5391481583
5391698791
5391915922
5392132942
5392349943
5392566916
5392783870
5393000776
5393217622
5393434452
5393651276
5393868077
5394084855
5394301629
5394518366
5394735055
5394951737
5395168403
5395385036
5395601621
5395818189
5396034689
5396251141
5396467537
5396683889
5396900204
5397116486
5397332757
5397549009
5397765258
5397981435
5398197596
5398413747
5398629851
5398845946
5399061953
5399277939
5399493918
5399709882
5399925843
5400141775
5400357699
5400573617
5400789506
5401005361
5401221179
5401436991
5401652792
5401868522
5402084187
5402299828
5402515444
5402731035
5402946613
5403162165
5403377702
5403593237
5403808742
5404024201
5404239609
5404454994
5404670347
5404885666
5405100942
5405316163
5405531380
5405746581
5405961760
5406176939
5406392096
5406607243
5406822322
5407037380
5407252364
5407467344
5407682303
5407897233
5408112150
5408327063
5408541906
5408756725
5408971539
5409186303
5409401054
5409615795
5409830529
5410045256
5410259983
5410474707
5410689359
5410904005
5411118648
5411333248
5411547822
5411762384
5411976929
5412191447
5412405839
5412620220
5412834548
5413048840
5413263069
5413477265
5413691442
5413905613
5414119773
5414333877
5414547911
5414761943
5414975912
5415189881
5415403800
5415617679
5415831540
5416045356
5416259118
5416472860
5416686561
5416900259
5417113949
5417327639
5417541325
5417754982
5417968625
5418182235
5418395762
5418609259
5418822725
5419036185
5419249575
5419462872
5419676104
5419889246
5420102357
5420315404
5420528431
5420741424
5420954335
5421167119
5421379841
5421592547
5421805113
5422017632
5422230140
5422442642
5422655090
5422867466
5423079821
5423292171
5423504508
5423716844
5423929158
5424141457
5424353739
5424565994
5424778140
5424990220
5425202295
5425414257
5425626214
5425838128
5426049947
5426261762
5426473570
5426685377
5426897181
5427108958
5427320720
5427532481
5427744119
5427955738
5428167356
5428378937
5428590509
5428802032
5429013502
5429224969
5429436347
5429647631
5429858889
5430070119
5430281297
5430492435
5430703558
5430914654
5431125726
5431336714
5431547697
5431758605
5431969478
5432180346
5432391040
5432601726
5432812402
5433022946
5433233450
5433443929
5433654382
5433864826
5434075233
5434285594
5434495920
5434706246
5434916550
5435126806
5435337059
5435547232
5435757393
5435967551
5436177700
5436387834
5436597947
5436808039
5437018117
5437228129
5437438137
5437648112
5437858082
5438068003
5438277881
5438487720
5438697551
5438907357
5439117160
5439326942
5439536684
5439746360
5439956000
5440165626
5440375252
5440584875
5440794450
5441004009
5441213555
5441422999
5441632438
5441841856
5442051197
5442260480
5442469753
5442679006
5442888250
5443097488
5443306689
5443515838
5443724978
5443934098
5444143200
5444352290
5444561311
5444770319
5444979307
5445188228
5445397113
5445605933
5445814716
5446023447
5446232089
5446440727
5446649312
5446857877
5447066398
5447274892
5447483352
5447691807
5447900246
5448108601
5448316936
5448525184
5448733358
5448941525
5449149689
5449357818
5449565813
5449773793
5449981767
5450189719
5450397562
5450605395
5450813223
5451020991
5451228717
5451436355
5451643978
5451851586
5452059166
5452266722
5452474260
5452681773
5452889246
5453096719
5453304188
5453511650
5453719091
5453926510
5454133893
5454341172
5454548436
5454755688
5454962822
5455169953
5455377073
5455584182
5455791214
5455998243
5456205251
5456412251
5456619184
5456826092
5457032999
5457239882
5457446652
5457653416
5457860110
5458066792
5458273460
5458480096
5458686635
5458893134
5459099609
5459306042
5459512455
5459718744
5459925030
5460131261
5460337465
5460543547
5460749609
5460955573
5461161532
5461367490
5461573444
5461779323
5461985168
5462191008
5462396813
5462602604
5462808366
5463014127
5463219881
5463425624
5463631366
5463836978
5464042562
5464248142
5464453707
5464659244
5464864731
5465070216
5465275673
5465481086
5465686482
5465891877
5466097242
5466302545
5466507840
5466713133
5466918404
5467123654
5467328881
5467534096
5467739288
5467944377
5468149459
5468354526
5468559476
5468764421
5468969314
5469174196
5469379077
5469583950
5469788787
5469993590
5470198385
5470403155
5470607906
5470812558
5471017176
5471221770
5471426324
5471630838
5471835336
5472039832
5472244241
5472448646
5472653025
5472857384
5473061731
5473266050
5473470364
5473674678
5473878939
5474083134
5474287299
5474491459
5474695598
5474899690
5475103758
5475307824
5475511885
5475715937
5475919942
5476123872
5476327774
5476531623
5476735468
5476939293
5477143116
5477346856
5477550593
5477754305
5477958010
5478161631
5478365235
5478568809
5478772378
5478975922
5479179466
5479383008
5479586522
5479790029
5479993529
5480197015
5480400470
5480603879
5480807241
5481010594
5481213930
5481417172
5481620403
5481823590
5482026774
5482229939
5482433078
5482636182
5482839284
5483042379
5483245291
5483448114
5483650925
5483853706
5484056467
5484259205
5484461868
5484664513
5484867147
5485069770
5485272369
5485474932
5485677473
5485879981
5486082482
5486284957
5486487408
5486689811
5486892190
5487094547
5487296875
5487499191
5487701489
5487903767
5488106013
5488308241
5488510460
5488712629
5488914769
5489116819
5489318842
5489520861
5489722879
5489924796
5490126701
5490328602
5490530450
5490732241
5490934025
5491135774
5491337450
5491539094
5491740732
5491942358
5492143973
5492345577
5492547174
5492748760
5492950339
5493151889
5493353425
5493554920
5493756414
5493957838
5494159233
5494360610
5494561951
5494763284
5494964516
5495165744
5495366925
5495568071
5495769202
5495970333
5496171460
5496372585
5496573687
5496774774
5496975851
5497176899
5497377911
5497578921
5497779928
5497980792
5498181599
5498382393
5498583161
5498783928
5498984690
5499185432
5499386172
5499586875
5499787561
5499988236
5500188883
5500389529
5500589997
5500790306
5500990562
5501190692
5501390736
5501590722
5501790571
5501990262
5502189951
5502389631
5502589298
5502788952
5502988602
5503188251
5503387882
5503587496
5503787107
5503986716
5504186257
5504385787
5504585276
5504784731
5504984165
5505183555
5505382927
5505582289
5505781613
5505980934
5506180254
5506379551
5506578834
5506778105
5506977341
5507176490
5507375637
5507574731
5507773809
5507972819
5508171813
5508370806
5508569778
5508768746
5508967701
5509166611
5509365428
5509564229
5509763011
5509961740
5510160460
5510359136
5510557798
5510756433
5510955042
5511153644
5511352145
5511550604
5511749037
5511947446
5512145849
5512344211
5512542566
5512740895
5512939209
5513137501
5513335783
5513534005
5513732226
5513930445
5514128634
5514326803
5514524972
5514723125
5514921201
5515119266
5515317309
5515515347
5515713362
5515911335
5516109296
5516307250
5516505167
5516703081
5516900967
5517098851
5517296712
5517494505
5517692289
5517890027
5518087704
5518285356
5518482996
5518680635
5518878230
5519075785
5519273298
5519470771
5519668229
5519865682
5520063110
5520260490
5520457848
5520655197
5520852465
5521049711
5521246944
5521444175
5521641401
5521838622
5522035707
5522232775
5522429752
5522626724
5522823656
5523020554
5523217396
5523414214
5523611020
5523807767
5524004512
5524201246
5524397977
5524594652
5524791323
5524987962
5525184592
5525381204
5525577792
5525774343
5525970848
5526167350
5526363826
5526560266
5526756660
5526953026
5527149389
5527345745
5527542035
5527738309
5527934574
5528130829
5528327043
5528523235
5528719421
5528915554
5529111683
5529307802
5529503900
5529699965
5529896027
5530092070
5530288110
5530484142
5530680138
5530876099
5531071984
5531267850
5531463703
5531659456
5531855209
5532050930
5532246649
5532442364
5532638061
5532833737
5533029409
5533225045
5533420671
5533616284
5533811867
5534007356
5534202809
5534398257
5534593696
5534789133
5534984453
5535179767
5535375057
5535570319
5535765579
5535960805
5536156016
5536351209
5536546397
5536741577
5536936715
5537131841
5537326921
5537521975
5537716968
5537911949
5538106926
5538301855
5538496772
5538691666
5538886552
5539081432
5539276304
5539471161
5539665953
5539860714
5540055413
5540250110
5540444764
5540639330
5540833886
5541028411
5541222817
5541417209
5541611595
5541805951
5542000250
5542194542
5542388791
5542583021
5542777118
5542971209
5543165284
5543359321
5543553308
5543747258
5543941196
5544135004
5544328791
5544522570
5544716319
5544910067
5545103778
5545297481
5545491172
5545684841
5545878506
5546072162
5546265761
5546459310
5546652725
5546846130
5547039525
5547232879
5547426221
5547619560
5547812878
5548006115
5548199350
5548392572
5548585793
5548779004
5548972166
5549165322
5549358369
5549551341
5549744251
5549937160
5550130068
5550322933
5550515765
5550708552
5550901311
5551094052
5551286763
5551479431
5551672071
5551864706
5552057305
5552249866
5552442412
5552634936
5552827410
5553019856
5553212298
5553404685
5553597039
5553789351
5553981590
5554173797
5554365999
5554558194
5554750374
5554942477
5555134573
5555326667
5555518747
5555710822
5555902891
5556094945
5556286980
5556478877
5556670771
5556862584
5557054374
5557246110
5557437827
5557629514
5557821127
5558012710
5558204203
5558395688
5558587134
5558778523
5558969825
5559161040
5559352239
5559543427
5559734605
5559925781
5560116955
5560308104
5560499207
5560690281
5560881304
5561072281
5561263225
5561454157
5561645089
5561836002
5562026900
5562217718
5562408512
5562599291
5562790040
5562980747
5563171447
5563362140
5563552814
5563743480
5563934136
5564124775
5564315404
5564506001
5564696595
5564887167
5565077737
5565268282
5565458799
5565649303
5565839802
5566030298
5566220786
5566411269
5566601712
5566792128
5566982534
5567172928
5567363289
5567553543
5567743775
5567933986
5568124174
5568314306
5568504374
5568694432
5568884456
5569074477
5569264485
5569454490
5569644492
5569834487
5570024479
5570214457
5570404426
5570594384
5570784334
5570974253
5571164161
5571354057
5571543951
5571733842
5571923697
5572113545
5572303367
5572493121
5572682873
5572872593
5573062290
5573251966
5573441631
5573631285
5573820871
5574010437
5574199983
5574389525
5574579014
5574768498
5574957914
5575147314
5575336697
5575526059
5575715369
5575904647
5576093863
5576283068
5576472241
5576661399
5576850543
5577039657
5577228757
5577417856
5577606930
5577795966
5577984981
5578173852
5578362712
5578551538
5578740325
5578929068
5579117793
5579306511
5579495222
5579683916
5579872583
5580061241
5580249737
5580438160
5580626577
5580814973
5581003320
5581191663
5581379997
5581568312
5581756618
5581944862
5582133080
5582321269
5582509447
5582697601
5582885749
5583073893
5583262036
5583450178
5583638300
5583826377
5584014300
5584202210
5584390117
5584578019
5584765911
5584953800
5585141646
5585329491
5585517322
5585705143
5585892893
5586080629
5586268354
5586456021
5586643660
5586831282
5587018849
5587206314
5587393773
5587581185
5587768592
5587955973
5588143325
5588330669
5588518010
5588705287
5588892550
5589079793
5589266956
5589454074
5589641152
5589828123
5590015052
5590201933
5590388755
5590575553
5590762317
5590949080
5591135789
5591322475
5591509153
5591695824
5591882492
5592069142
5592255769
5592442391
5592628992
5592815537
5593002030
5593188493
5593374941
5593561368
5593747775
5593934095
5594120387
5594306613
5594492831
5594679007
5594865161
5595051304
5595237387
5595423455
5595609504
5595795553
5595981584
5596167548
5596353494
5596539424
5596725343
5596911138
5597096907
5597282651
5597468392
5597654115
5597839832
5598025536
5598211213
5598396858
5598582492
5598768114
5598953726
5599139336
5599324938
5599510514
5599695975
5599881369
5600066759
5600252132
5600437485
5600622828
5600808138
5600993439
5601178713
5601363945
5601549026
5601734091
5601919108
5602104119
5602289106
5602474086
5602659033
5602843890
5603028666
5603213438
5603398168
5603582881
5603767517
5603952130
5604136735
5604321337
5604505918
5604690498
5604875078
5605059646
5605244130
5605428613
5605613083
5605797513
5605981881
5606166217
5606350540
5606534840
5606719130
5606903418
5607087665
5607271872
5607456062
5607640241
5607824411
5608008551
5608192640
5608376729
5608560817
5608744903
5608928943
5609112978
5609296939
5609480894
5609664846
5609848740
5610032628
5610216502
5610400350
5610584172
5610767886
5610951598
5611135290
5611318929
5611502530
5611686128
5611869698
5612053237
5612236761
5612420270
5612603765
5612787227
5612970683
5613154125
5613337542
5613520947
5613704322
5613887624
5614070842
5614254060
5614437239
5614620384
5614803511
5614986600
5615169639
5615352658
5615535614
5615718545
5615901455
5616084324
5616267169
5616449998
5616632796
5616815578
5616998348
5617181107
5617363863
5617546599
5617729249
5617911882
5618094499
5618277103
5618459700
5618642217
5618824635
5619006990
5619189341
5619371666
5619553986
5619736270
5619918546
5620100794
5620283026
5620465202
5620647378
5620829528
5621011669
5621193786
5621375879
5621557962
5621740015
5621921979
5622103899
5622285763
5622467595
5622649355
5622831097
5623012803
5623194473
5623376079
5623557676
5623739240
5623920795
5624102281
5624283721
5624465073
5624646388
5624827673
5625008939
5625190198
5625371345
5625552478
5625733605
5625914712
5626095808
5626276883
5626457915
5626638901
5626819862
5627000807
5627181725
5627362631
5627543521
5627724399
5627905251
5628086101
5628266920
5628447738
5628628510
5628809239
5628989945
5629170523
5629351071
5629531585
5629712079
5629892499
5630072875
5630253239
5630433586
5630613932
5630794217
5630974498
5631154730
5631334960
5631515164
5631695342
5631875501
5632055652
5632235800
5632415706
5632595608
5632775484
5632955330
5633135162
5633314890
5633494604
5633674244
5633853881
5634033497
5634213102
5634392698
5634572251
5634751635
5634930990
5635110288
5635289577
5635468855
5635648121
5635827387
5636006645
5636185893
5636365139
5636544377
5636723590
5636902741
5637081866
5637260952
5637440009
5637619063
5637798103
5637977089
5638156048
5638334985
5638513805
5638692594
5638871380
5639050129
5639228862
5639407594
5639586325
5639764974
5639943619
5640122205
5640300710
5640479205
5640657655
5640836099
5641014519
5641192864
5641371184
5641549370
5641727548
5641905716
5642083855
5642261993
5642440108
5642618217
5642796266
5642974258
5643152189
5643330087
5643507981
5643685861
5643863727
5644041554
5644219338
5644397091
5644574834
5644752539
5644930209
5645107866
5645285510
5645463149
5645640722
5645818272
5645995804
5646173323
5646350800
5646528271
5646705726
5646883148
5647060569
5647237989
5647415402
5647592792
5647770130
5647947440
5648124744
5648302038
5648479331
5648656551
5648833745
5649010933
5649188105
5649365223
5649542337
5649719450
5649896547
5650073625
5650250700
5650427669
5650604566
5650781453
5650958262
5651134982
5651311689
5651488390
5651665049
5651841697
5652018339
5652194904
5652371466
5652548021
5652724559
5652901079
5653077558
5653254013
5653430419
5653606822
5653783224
5653959615
5654135775
5654311927
5654488019
5654663915
5654839810
5655015678
5655191499
5655367220
5655542938
5655718577
5655894148
5656069623
5656245086
5656420543
5656595989
5656771399
5656946806
5657122212
5657297600
5657472898
5657648193
5657823459
5657998723
5658173966
5658349190
5658524377
5658699541
5658874648
5659049731
5659224797
5659399832
5659574849
5659749862
5659924834
5660099743
5660274580
5660449326
5660624059
5660798764
5660973469
5661148156
5661322835
5661497492
5661672116
5661846718
5662021305
5662195833
5662370350
5662544850
5662719340
5662893679
5663067919
5663242137
5663416352
5663590552
5663764711
5663938860
5664112940
5664287011
5664461071
5664635115
5664809150
5664983136
5665157090
5665330991
5665504856
5665678663
5665852296
5666025897
5666199448
5666372993
5666546533
5666719760
5666892986
5667066176
5667239354
5667412531
5667585674
5667758747
5667931782
5668104816
5668277837
5668450823
5668623791
5668796743
5668969655
5669142359
5669315039
5669487703
5669660366
5669832988
5670005584
5670178145
5670350676
5670523195
5670695711
5670868208
5671040703
5671213170
5671385602
5671558029
5671730409
5671902663
5672074900
5672247128
5672419349
5672591569
5672763784
5672935954
5673108120
5673280275
5673452394
5673624413
5673796411
5673968357
5674140297
5674312220
5674484129
5674656018
5674827895
5674999688
5675171464
5675343191
5675514898
5675686596
5675858291
5676029966
5676201594
5676373169
5676544658
5676716132
5676887590
5677059034
5677230476
5677401894
5677573271
5677744618
5677915962
5678087264
5678258564
5678429841
5678601096
5678772293
5678943452
5679114608
5679285753
5679456865
5679627944
5679798978
5679970010
5680141038
5680312058
5680482947
5680653817
5680824672
5680995513
5681166350
5681337119
5681507876
5681678553
5681849211
5682019827
5682190435
5682361027
5682531618
5682702196
5682872771
5683043302
5683213830
5683384351
5683554857
5683725332
5683895755
5684066163
5684236559
5684406947
5684577316
5684747641
5684917894
5685088088
5685258221
5685428343
5685598461
5685768568
5685938608
5686108587
5686278555
5686448481
5686618321
5686788158
5686957968
5687127736
5687297500
5687467263
5687637007
5687806697
5687976363
5688146017
5688315639
5688485261
5688654853
5688824409
5688993908
5689163383
5689332853
5689502308
5689671666
5689841014
5690010328
5690179562
5690348672
5690517752
5690686699
5690855635
5691024563
5691193429
5691362290
5691531145
5691699988
5691868787
5692037583
5692206377
5692375147
5692543915
5692712678
5692881342
5693049990
5693218623
5693387255
5693555848
5693724355
5693892841
5694061297
5694229741
5694398157
5694566563
5694734899
5694903174
5695071425
5695239614
5695407743
5695575814
5695743875
5695911897
5696079885
5696247860
5696415812
5696583738
5696751572
5696919378
5697087168
5697254953
5697422718
5697590460
5697758181
5697925846
5698093510
5698261115
5698428699
5698596256
5698763808
5698931327
5699098829
5699266316
5699433791
5699601235
5699768649
5699936055
5700103423
5700270740
5700437974
5700605202
5700772416
5700939545
5701106626
5701273661
5701440675
5701607656
5701774629
5701941570
5702108488
5702275368
5702442225
5702609060
5702775869
5702942676
5703109477
5703276206
5703442881
5703609538
5703776155
5703942771
5704109346
5704275899
5704442451
5704608934
5704775408
5704941865
5705108293
5705274711
5705441105
5705607494
5705773863
5705940169
5706106460
5706272708
5706438942
5706605158
5706771340
5706937501
5707103662
5707269807
5707435935
5707602034
5707768107
5707934174
5708100135
5708266090
5708432032
5708597974
5708763833
5708929689
5709095531
5709261292
5709427009
5709592722
5709758426
5709924123
5710089764
5710255397
5710421011
5710586606
5710752185
5710917709
5711083194
5711248678
5711414122
5711579524
5711744905
5711910261
5712075598
5712240880
5712406139
5712571299
5712736453
5712901561
5713066615
5713231666
5713396700
5713561679
5713726657
5713891632
5714056593
5714221509
5714386402
5714551243
5714716056
5714880865
5715045672
5715210469
5715375240
5715539988
5715704670
5715869306
5716033890
5716198394
5716362871
5716527316
5716691736
5716856125
5717020460
5717184756
5717349010
5717513247
5717677470
5717841656
5718005803
5718169903
5718333995
5718498075
5718662152
5718826135
5718990108
5719154073
5719318012
5719481940
5719645845
5719809731
5719973587
5720137440
5720301277
5720465097
5720628916
5720792644
5720956365
5721120070
5721283759
5721447438
5721611110
5721774772
5721938396
5722101996
5722265555
5722429108
5722592638
5722756076
5722919509
5723082934
5723246339
5723409705
5723573063
5723736285
5723899468
5724062610
5724225734
5724388855
5724551956
5724715025
5724877991
5725040953
5725203871
5725366784
5725529683
5725692544
5725855393
5726018236
5726181054
5726343871
5726506675
5726669471
5726832242
5726995003
5727157609
5727320155
5727482671
5727645181
5727807630
5727970041
5728132440
5728294830
5728457212
5728619583
5728781799
5728943922
5729105959
5729267987
5729429991
5729591994
5729753795
5729915571
5730077236
5730238898
5730400547
5730562190
5730723763
5730885332
5731046883
5731208396
5731369894
5731531361
5731692801
5731854238
5732015627
5732176960
5732338238
5732499430
5732660573
5732821667
5732982738
5733143734
5733304718
5733465673
5733626571
5733787388
5733948199
5734108947
5734269673
5734430367
5734590991
5734751599
5734912205
5735072788
5735233297
5735393736
5735554153
5735714541
5735874913
5736035170
5736195411
5736355594
5736515683
5736675772
5736835829
5736995867
5737155901
5737315891
5737475878
5737635844
5737795788
5737955724
5738115657
5738275577
5738435484
5738595174
5738754806
5738914410
5739073971
5739233514
5739393057
5739552583
5739711936
5739871221
5740030494
5740189729
5740348960
5740508120
5740667241
5740826269
5740985292
5741144309
5741303295
5741462237
5741621158
5741780034
5741938907
5742097775
5742256612
5742415444
5742574273
5742733018
5742891743
5743050465
5743209126
5743367761
5743526386
5743684985
5743843503
5744001914
5744160310
5744318681
5744477031
5744635340
5744793640
5744951906
5745110165
5745268405
5745426634
5745584852
5745743069
5745901219
5746059343
5746217382
5746375412
5746533424
5746691432
5746849420
5747007350
5747165235
5747323085
5747480889
5747638688
5747796485
5747954255
5748111973
5748269686
5748427377
5748584982
5748742512
5748899973
5749057405
5749214819
5749372199
5749529505
5749686688
5749843814
5750000924
5750157937
5750314863
5750471777
5750628672
5750785549
5750942345
5751099125
5751255879
5751412601
5751569249
5751725855
5751882445
5752039023
5752195552
5752352039
5752508504
5752664967
5752821385
5752977792
5753134035
5753290261
5753446480
5753602614
5753758739
5753914861
5754070960
5754227049
5754383128
5754539167
5754695197
5754851186
5755007161
5755163108
5755319023
5755474931
5755630800
5755786575
5755942326
5756097951
5756253575
5756409191
5756564766
5756720333
5756875869
5757031383
5757186896
5757342408
5757497894
5757653363
5757808825
5757964226
5758119617
5758274998
5758430331
5758585623
5758740876
5758896007
5759051120
5759206224
5759361293
5759516348
5759671384
5759826384
5759981361
5760136338
5760291294
5760446209
5760601113
5760755913
5760910699
5761065449
5761220194
5761374923
5761529538
5761684149
5761838752
5761993317
5762147870
5762302397
5762456921
5762611404
5762765863
5762920290
5763074699
5763229062
5763383413
5763537745
5763692067
5763846366
5764000602
5764154825
5764309005
5764463150
5764617275
5764771364
5764925446
5765079500
5765233535
5765387554
5765541555
5765695519
5765849475
5766003428
5766157371
5766311293
5766465193
5766619077
5766772930
5766926783
5767080616
5767234359
5767388043
5767541711
5767695364
5767848979
5768002563
5768156086
5768309581
5768462930
5768616187
5768769416
5768922594
5769075762
5769228853
5769381943
5769535024
5769688080
5769841080
5769994058
5770147017
5770299963
5770452899
5770605825
5770758704
5770911524
5771064285
5771217039
5771369738
5771522424
5771675108
5771827777
5771980421
5772133031
5772285632
5772438218
5772590708
5772743187
5772895644
5773048069
5773200453
5773352817
5773505147
5773657466
5773809760
5773962018
5774114181
5774266338
5774418487
5774570615
5774722742
5774874812
5775026873
5775178907
5775330916
5775482911
5775634824
5775786720
5775938604
5776090430
5776242247
5776394063
5776545822
5776697440
5776849028
5777000539
5777152049
5777303505
5777454958
5777606349
5777757733
5777909087
5778060430
5778211734
5778363027
5778514261
5778665445
5778816613
5778967775
5779118933
5779270037
5779421057
5779572030
5779722996
5779873947
5780024845
5780175721
5780326592
5780477462
5780628301
5780779065
5780929795
5781080520
5781231198
5781381873
5781532540
5781683188
5781833797
5781984350
5782134873
5782285388
5782435893
5782586375
5782736835
5782887282
5783037702
5783187987
5783338269
5783488526
5783638696
5783788826
5783938951
5784089048
5784239107
5784389064
5784539010
5784688829
5784838624
5784988396
5785138079
5785287745
5785437407
5785587062
5785736712
5785886351
5786035987
5786185617
5786335233
5786484848
5786634459
5786784041
5786933587
5787083119
5787232638
5787382150
5787531644
5787681136
5787830482
5787979788
5788129079
5788278317
5788427538
5788576727
5788725902
5788874979
5789024042
5789173089
5789321995
5789470898
5789619777
5789768566
5789917348
5790066114
5790214868
5790363607
5790512327
5790661045
5790809715
5790958294
5791106845
5791255363
5791403862
5791552271
5791700639
5791848993
5791997274
5792145552
5792293815
5792442040
5792590118
5792738175
5792886226
5793034257
5793182253
5793330226
5793478172
5793626068
5793773963
5793921849
5794069735
5794217579
5794365393
5794513128
5794660848
5794808478
5794956099
5795103679
5795251250
5795398793
5795546274
5795693727
5795841172
5795988613
5796135973
5796283328
5796430681
5796578014
5796725341
5796872665
5797019981
5797167229
5797314451
5797461639
5797608821
5797755991
5797903155
5798050295
5798197304
5798344264
5798491202
5798638090
5798784974
5798931826
5799078602
5799225333
5799372040
5799518735
5799665422
5799812044
5799958657
5800105245
5800251831
5800398369
5800544873
5800691368
5800837841
5800984288
5801130719
5801277044
5801423303
5801569530
5801715751
5801861952
5802008083
5802154191
5802300258
5802446309
5802592349
5802738342
5802884322
5803030272
5803176220
5803322139
5803468009
5803613783
5803759474
5803905079
5804050647
5804196165
5804341655
5804487144
5804632616
5804778083
5804923510
5805068919
5805214209
5805359453
5805504690
5805649923
5805795107
5805940257
5806085369
5806230454
5806375509
5806520465
5806665407
5806810341
5806955248
5807100144
5807245037
5807389918
5807534765
5807679511
5807824216
5807968896
5808113561
5808258203
5808402803
5808547375
5808691861
5808836338
5808980803
5809125254
5809269666
5809414046
5809558400
5809702696
5809846984
5809991270
5810135550
5810279759
5810423941
5810568117
5810712215
5810856268
5811000317
5811144348
5811288369
5811432387
5811576399
5811720341
5811864277
5812008209
5812152080
5812295941
5812439745
5812583548
5812727315
5812871044
5813014749
5813158441
5813302110
5813445729
5813589304
5813732878
5813876434
5814019939
5814163425
5814306814
5814450162
5814593499
5814736769
5814880015
5815023205
5815166375
5815309533
5815452661
5815595766
5815738854
5815881920
5816024977
5816168001
5816311010
5816454014
5816596991
5816739956
5816882867
5817025767
5817168642
5817311500
5817454355
5817597166
5817739968
5817882719
5818025418
5818168112
5818310711
5818453262
5818595727
5818738180
5818880631
5819023053
5819165469
5819307875
5819450258
5819592549
5819734818
5819876937
5820019034
5820161095
5820303102
5820445099
5820587085
5820729028
5820870875
5821012704
5821154450
5821296194
5821437892
5821579548
5821721187
5821862775
5822004286
5822145790
5822287248
5822428690
5822570127
5822711471
5822852799
5822994124
5823135414
5823276679
5823417939
5823559193
5823700361
5823841430
5823982413
5824123395
5824264354
5824405310
5824546198
5824687073
5824827892
5824968652
5825109391
5825250109
5825390806
5825531490
5825672062
5825812547
5825952997
5826093425
5826233835
5826374240
5826514611
5826654972
5826795318
5826935606
5827075837
5827216049
5827356036
5827495959
5827635713
5827775432
5827915115
5828054740
5828194352
5828333850
5828473344
5828612712
5828752074
5828891435
5829030770
5829170091
5829309409
5829448721
5829588025
5829727313
5829866576
5830005809
5830145006
5830284197
5830423362
5830562526
5830701677
5830840764
5830979834
5831118845
5831257714
5831396465
5831535196
5831673909
5831812578
5831951216
5832089779
5832228299
5832366818
5832505330
5832643811
5832782273
5832920725
5833059007
5833197286
5833335552
5833473763
5833611931
5833750014
5833888051
5834026033
5834164005
5834301886
5834439711
5834577501
5834715280
5834853025
5834990682
5835128333
5835265975
5835403520
5835541044
5835678521
5835815945
5835953360
5836090742
5836228111
5836365471
5836502809
5836640072
5836777313
5836914541
5837051768
5837188982
5837326189
5837463389
5837600583
5837737754
5837874884
5838012001
5838149108
5838286159
5838423149
5838560115
5838696975
5838833829
5838970663
5839107495
5839244303
5839381098
5839517861
5839654584
5839791297
5839927976
5840064643
5840201216
5840337779
5840474338
5840610894
5840747429
5840883962
5841020436
5841156822
5841293127
5841429428
5841565684
5841701905
5841838103
5841974290
5842110387
5842246481
5842382569
5842518614
5842654656
5842790638
5842926599
5843062547
5843198452
5843334233
5843469965
5843605621
5843741223
5843876800
5844012368
5844147902
5844283367
5844418812
5844554220
5844689531
5844824808
5844960055
5845095257
5845230445
5845365611
5845500757
5845635881
5845770933
5845905982
5846040941
5846175860
5846310777
5846445632
5846580386
5846715062
5846849701
5846984251
5847118768
5847253276
5847387718
5847522153
5847656527
5847790896
5847925263
5848059596
5848193890
5848328164
5848462385
5848596575
5848730754
5848864892
5848999023
5849133152
5849267268
5849401376
5849535446
5849669492
5849803506
5849937499
5850071315
5850204949
5850338568
5850472148
5850605722
5850739238
5850872622
5851005895
5851139078
5851272250
5851405407
5851538486
5851671561
5851804599
5851937635
5852070670
5852203694
5852336639
5852469508
5852602344
5852735156
5852867953
5853000747
5853133540
5853266321
5853399100
5853531876
5853664644
5853797408
5853930133
5854062844
5854195446
5854328044
5854460628
5854593193
5854725751
5854858270
5854990711
5855123121
5855255472
5855387782
5855520080
5855652357
5855784630
5855916837
5856049029
5856181159
5856313211
5856445119
5856576904
5856708644
5856840378
5856972059
5857103737
5857235406
5857367041
5857498593
5857630121
5857761647
5857893140
5858024632
5858156094
5858287546
5858418923
5858550287
5858681640
5858812992
5858944202
5859075240
5859206203
5859337139
5859468066
5859598963
5859729739
5859860497
5859991255
5860122003
5860252698
5860383364
5860514007
5860644629
5860775247
5860905847
5861036384
5861166919
5861297424
5861427909
5861558305
5861688671
5861819030
5861949382
5862079725
5862210054
5862340349
5862470597
5862600833
5862731051
5862861247
5862991436
5863121546
5863251592
5863381578
5863511555
5863641521
5863771486
5863901418
5864031289
5864161152
5864290997
5864420822
5864550557
5864680228
5864809873
5864939484
5865069084
5865198671
5865328246
5865457644
5865587040
5865716332
5865845509
5865974684
5866103808
5866232928
5866361995
5866490970
5866619870
5866748750
5866877580
5867006376
5867135165
5867263757
5867392346
5867520916
5867649477
5867777898
5867906301
5868034626
5868162943
5868291253
5868419534
5868547799
5868676056
5868804251
5868932443
5869060615
5869188780
5869316929
5869445064
5869573142
5869701160
5869829152
5869957141
5870084955
5870212754
5870340509
5870468250
5870595984
5870723608
5870851187
5870978748
5871106305
5871233790
5871361274
5871488716
5871616153
5871743542
5871870870
5871998142
5872125388
5872252611
5872379813
5872506856
5872633899
5872760896
5872887860
5873014802
5873141739
5873268568
5873395387
5873522129
5873648856
5873775543
5873902228
5874028898
5874155494
5874282045
5874408573
5874535059
5874661481
5874787822
5874914159
5875040443
5875166702
5875292936
5875419110
5875545101
5875671035
5875796899
5875922701
5876048463
5876174216
5876299902
5876425558
5876551137
5876676612
5876802038
5876927463
5877052870
5877178272
5877303671
5877429054
5877554434
5877679803
5877805144
5877930451
5878055755
5878180980
5878306197
5878431394
5878556564
5878681732
5878806862
5878931874
5879056824
5879181749
5879306645
5879431516
5879556347
5879681152
5879805955
5879930750
5880055510
5880180262
5880304996
5880429645
5880554275
5880678839
5880803365
5880927821
5881052191
5881176539
5881300872
5881425148
5881549424
5881673632
5881797827
5881922005
5882046171
5882170329
5882294485
5882418550
5882542493
5882666427
5882790320
5882914205
5883038088
5883161959
5883285805
5883409480
5883533124
5883656687
5883780239
5883903791
5884027337
5884150830
5884274281
5884397636
5884520867
5884644075
5884767217
5884890352
5885013415
5885136461
5885259430
5885382335
5885505209
5885627967
5885750575
5885873137
5885995522
5886117867
5886240207
5886362430
5886484637
5886606807
5886728977
5886851143
5886973219
5887095143
5887217062
5887338976
5887460840
5887582535
5887704219
5887825900
5887947502
5888069024
5888190540
5888312030
5888433492
5888554921
5888676287
5888797558
5888918817
5889039853
5889160867
5889281850
5889402800
5889523745
5889644613
5889765466
5889886251
5890006991
5890127660
5890248252
5890368829
5890489279
5890609725
5890730028
5890850327
5890970625
5891090814
5891210995
5891331162
5891451294
5891571345
5891691361
5891811347
5891931317
5892051241
5892171144
5892290942
5892410635
5892530309
5892649842
5892769368
5892888889
5893008390
5893127874
5893247333
5893366750
5893486142
5893605522
5893724864
5893844201
5893963526
5894082793
5894202058
5894321317
5894440509
5894559681
5894678827
5894797962
5894916979
5895035976
5895154937
5895273893
5895392837
5895511713
5895630501
5895749241
5895867964
5895986655
5896105286
5896223858
5896342384
5896460625
5896578821
5896696975
5896815023
5896932967
5897050894
5897168784
5897286550
5897404237
5897521881
5897639410
5897756895
5897874300
5897991687
5898109054
5898226407
5898343746
5898461080
5898578345
5898695573
5898812626
5898929639
5899046607
5899163559
5899280493
5899397339
5899514175
5899630955
5899747693
5899864374
5899981006
5900097627
5900214204
5900330757
5900447300
5900563741
5900680161
5900796543
5900912917
5901029275
5901145570
5901261815
5901377966
5901494106
5901610228
5901726323
5901842391
5901958450
5902074467
5902190426
5902306334
5902422219
5902538060
5902653797
5902769460
5902885041
5903000448
5903115854
5903231215
5903346566
5903461897
5903577130
5903692342
5903807501
5903922638
5904037761
5904152849
5904267935
5904383020
5904498048
5904613008
5904727965
5904842866
5904957630
5905072323
5905186962
5905301584
5905416159
5905530649
5905645041
5905759380
5905873687
5905987970
5906102221
5906216455
5906330644
5906444814
5906558805
5906672766
5906786705
5906900642
5907014462
5907128267
5907242061
5907355832
5907469574
5907583254
5907696760
5907810224
5907923681
5908037065
5908150425
5908263781
5908377125
5908490452
5908603750
5908716972
5908830168
5908943337
5909056477
5909169521
5909282530
5909395538
5909508536
5909621424
5909734296
5909847114
5909959748
5910072362
5910184925
5910297421
5910409838
5910522193
5910634406
5910746608
5910858778
5910970914
5911083048
5911195123
5911307161
5911419183
5911531204
5911643197
5911755187
5911867086
5911978919
5912090681
5912202430
5912314151
5912425805
5912537396
5912648984
5912760484
5912871826
5912983119
5913094404
5913205636
5913316845
5913428048
5913539218
5913650367
5913761374
5913872377
5913983294
5914094039
5914204746
5914315427
5914426045
5914536576
5914647088
5914757508
5914867919
5914978221
5915088418
5915198442
5915308393
5915418335
5915528193
5915637995
5915747705
5915857335
5915966884
5916076363
5916185743
5916295112
5916404384
5916513623
5916622790
5916731927
5916840835
5916949741
5917058641
5917167476
5917276243
5917384984
5917493693
5917602395
5917711071
5917819705
5917928317
5918036919
5918145516
5918254109
5918362696
5918471223
5918579740
5918688207
5918796622
5918904881
5919013020
5919121144
5919229082
5919336980
5919444620
5919552216
5919659757
5919767273
5919874788
5919982267
5920089724
5920197164
5920304593
5920412004
5920519404
5920626656
5920733857
5920840901
5920947943
5921054855
5921161761
5921268444
5921375071
5921481678
5921588224
5921694714
5921801034
5921907191
5922013337
5922119459
5922225563
5922331583
5922437456
5922543324
5922649183
5922754874
5922860268
5922965600
5923070929
5923176226
5923281395
5923386408
5923491230
5923595946
5923700593
5923805212
5923909826
5924014423
5924118932
5924223410
5924327821
5924432141
5924536455
5924640711
5924744834
5924848956
5924952953
5925056847
5925160738
5925264617
5925368434
5925472198
5925575913
5925679624
5925783321
5925887018
5925990709
5926094393
5926198034
5926301673
5926405269
5926508850
5926612379
5926715887
5926819305
5926922645
5927025971
5927129256
5927232414
5927335530
5927438434
5927541336
5927644098
5927746609
5927849063
5927951513
5928053949
5928156318
5928258539
5928360743
5928462930
5928564986
5928666967
5928768901
5928870591
5928972213
5929073828
5929175413
5929276899
5929378350
5929479799
5929581131
5929682339
5929783542
5929884703
5929985750
5930086753
5930187684
5930288595
5930389452
5930490129
5930590727
5930691139
5930791301
5930891192
5930991006
5931090769
5931190498
5931290160
5931389790
5931489155
5931588417
5931687585
5931786737
5931885882
5931984935
5932083955
5932182940
5932281865
5932380772
5932479634
5932578416
5932677172
5932775886
5932874592
5932973272
5933071866
5933170324
5933268699
5933367050
5933465351
5933563636
5933661854
5933760036
5933858135
5933956074
5934053983
5934151869
5934249738
5934347594
5934445447
5934543200
5934640861
5934738468
5934836048
5934933572
5935031092
5935128607
5935226106
5935323604
5935421100
5935518487
5935615848
5935713152
5935810219
5935906999
5936003649
5936100270
5936196850
5936293349
5936389724
5936485930
5936582050
5936678030
5936773988
5936869859
5936965558
5937061200
5937156826
5937252391
5937347845
5937443180
5937538508
5937633811
5937729042
5937824241
5937919379
5938014401
5938109350
5938204060
5938298753
5938393417
5938487980
5938582512
5938676998
5938771418
5938865795
5938960163
5939054412
5939148420
5939242378
5939336184
5939429981
5939523753
5939617522
5939711136
5939804727
5939898270
5939991790
5940085195
5940178468
5940271511
5940364540
5940457523
5940550411
5940643252
5940736055
5940828663
5940921253
5941013776
5941106250
5941198496
5941290598
5941382422
5941474174
5941565720
5941657010
5941748113
5941839207
5941930232
5942021247
5942112220
5942203132
5942293903
5942384637
5942475355
5942566053
5942656704
5942746974
5942837231
5942927197
5943017067
5943106784
5943196266
5943285724
5943375148
5943464479
5943553713
5943642918
5943732104
5943821197
5943910237
5943999274
5944088293
5944177278
5944266164
5944354934
5944443595
5944532107
5944620598
5944708982
5944797360
5944885630
5944973879
5945062064
5945150183
5945238253
5945326080
5945413881
5945501541
5945589058
5945676559
5945764018
5945851446
5945938857
5946026229
5946113412
5946200510
5946287540
5946374471
5946461371
5946548204
5946634944
5946721653
5946808356
5946895037
5946981690
5947068102
5947154455
5947240740
5947326991
5947413154
5947499101
5947584884
5947670575
5947756184
5947841788
5947927342
5948012483
5948097467
5948182392
5948267271
5948352073
5948436834
5948521496
5948606055
5948690515
5948774850
5948859142
5948943265
5949027382
5949111409
5949195376
5949279323
5949363216
5949447107
5949530890
5949614671
5949698362
5949781784
5949865030
5949948139
5950031207
5950114161
5950197054
5950279704
5950362312
5950444785
5950527231
5950609634
5950692014
5950774339
5950856372
5950938363
5951020337
5951102163
5951183840
5951265199
5951346388
5951427492
5951508575
5951589375
5951669975
5951750484
5951830845
5951911085
5951991265
5952071175
5952151061
5952230941
5952310757
5952390415
5952469926
5952549391
5952628764
5952708087
5952787380
5952866637
5952945868
5953024880
5953103752
5953182601
5953261292
5953339817
5953418238
5953496641
5953574584
5953652431
5953730247
5953807835
5953885320
5953962593
5954039800
5954116926
5954194050
5954270793
5954347522
5954423846
5954500169
5954576393
5954652352
5954727863
5954803323
5954878721
5954953747
5955028560
5955103133
5955177511
5955251820
5955325866
5955399737
5955472894
5955545799
5955618680
5955691536
5955764296
5955837005
5955909533
5955982059
5956054580
5956126853
5956198692
5956270468
5956342204
5956413939
5956485637
5956557328
5956628985
5956700602
5956772055
5956843256
5956914336
5956985406
5957056368
5957127305
5957198012
5957268661
5957339271
5957409726
5957480011
5957550078
5957620069
5957690017
5957759902
5957829777
5957899632
5957969352
5958039019
5958108478
5958177869
5958247105
5958315766
5958384362
5958452924
5958521231
5958589497
5958657589
5958725534
5958792878
5958860160
5958927287
5958993782
5959060097
5959126260
5959192272
5959258112
5959323749
5959389091
5959454429
5959519415
5959584387
5959648875
5959713266
5959777608
5959841927
5959906183
5959969566
5960032916
5960096198
5960158850
5960221489
5960284048
5960346451
5960408804
5960470647
5960532412
5960594164
5960655823
5960717217
5960778426
5960839480
5960900483
5960961457
5961022190
5961082846
5961143299
5961203404
5961263470
5961323439
5961383021
5961442591
5961502122
5961561511
5961620607
5961678988
5961737192
5961795327
5961853158
5961910682
5961968151
5962025402
5962082653
5962139261
5962195488
5962251667
5962307762
5962363576
5962419016
5962474431
5962529315
5962583649
5962637969
5962691633
5962745108
5962798154
5962850703
5962902409
5962953863
5963005150
5963055941
5963106630
5963157006
5963206750
5963256159
5963305151
5963353936
5963401808
5963448896
5963495802
5963542294
5963588741
5963635001
5963681156
5963726456
5963771672
5963816807
5963861462
5963906081
5963950628
5963995059
5964039138
5964082962
5964126545
5964169973
5964213132
5964256008
5964297981
5964339779
5964381519
5964423231
5964464617
5964505093
5964545373
5964585350
5964624877
5964664264
5964701538
5964738808
5964775857
5964812819
5964849633
5964885988
5964922044
5964956831
5964991526
5965025520
5965059285
5965091260
5965123070
5965152084
5965178506
5965203734
5965228726
5965252925
5965276300
5965299065
5965321432
5965342992
5965362591
5965381028
5965398979
5965414831
5965429732
5965438917
5965447849
5965455833
5965455833
5965455833
5965455833
